1100200277330
1100200441750
1100200683281
1100200740765
1100200886026
1100201060822
1100201209109
1100201231791
1100201389069
1100201639359
1100299007933
1100400054148
1100400509889
1100400957270
1100401056926
1100401070473
1100401230811
1100401497051
1100500646314
1100501067245
1100501127710
1100501604364
1100600057981
1100600245061
1100600278643
1100600364574
1100600538459
1100600584388
1100600607329
1100600633541
1100700303119
1100700523046
1100700563391
1100700584207
1100700610640
1100700848701
1100700869970
1100700972410
1100701013238
1100701030507
1100701187678
1100701257676
1100701397401
1100701666321
1100701787616
1100701888846
1100701918354
1100701956370
1100702108551
1100702259052
1100702284804
1100702354217
1100702434610
1100702798093
1100702837021
1100702885930
1100703021947
1100703041182
1100703073891
1100703383229
1100703679161
1100704063457
1100704221877
1100704390610
1100800011438
1100800067123
1100800168540
1100800287450
1100800325751
1100800330291
1100800417671
1100800647987
1100800998968
1100801016468
1100801075065
1100801120397
1100801307705
1100801343973
1100801372990
1100801510357
1101200020933
1101400584415
1101400593741
1101400600127
1101400607253
1101401316961
1101401408955
1101401428638
1101401491224
1101401700338
1101401933081
1101401979251
1101402186182
1101402298592
1101402381791
1101499043152
1101500169410
1101500181614
1101500219832
1101500223562
1101500336642
1101500412799
1101500508982
1101500633396
1101500815516
1101500997801
1101501114627
1101501339262
1101700345572
1101700584704
1101700584721
1101800291598
1101800349090
1101800466541
1101800467394
1101800537643
1101801360275
1101801472162
1102000904502
1102001880186
1102001887679
1102001905090
1102001929797
1102002176067
1102002208023
1102002564962
1102002737751
1102002756241
1102003134317
1102003479268
1102003533823
1102004431781
1102004575571
1102400108754
1102500098815
1102700067557
1102800005456
1103000166413
1103000227382
1103100061176
1103100101160
1103100207626
1103100299954
1103101373317
1103200056743
1103200318993
1103300056664
1103300235895
1103400158272
1103400325934
1103500041679
1103600001229
1103700028498
1103700450815
1103701002441
1103701144408
1103701234181
1103701307641
1103701617845
1103701823810
1103702024341
1103702320803
1103702512729
1103702918733
1103703079352
1103703157361
1103703184245
1103704987821
1103705186474
1103705365034
1103705464229
1103900069279
1103900116455
1103900246839
1103900251191
1103900292938
1104000372251
1104000387381
1104100163352
1104200009819
1104200228308
1104200275659
1104200450761
1104200551818
1104200600738
1104200755537
1104300097078
1104300221071
1104300625856
1104301560341
1104500082724
1104700003135
1104700010107
1104700103814
1104700215132
1104700224808
1110100127719
1110201319664
1110201450493
1110300092935
1110300239928
1118700369729
1119900137083
1119900431437
1119900489257
1119900691625
1119900713343
1119900814832
1119900856021
1119901986564
1119902197938
1119902355592
1120300289089
1120600006333
1129800114073
1129900132502
1130201225295
1130201249461
1139600033258
1139600199695
1139600338687
1139600645091
1139600656476
1139600700416
1139800194514
1139900287565
1140600082714
1140600123186
1148100036125
1149900021301
1149901329431
1159900160859
1159900582010
1160100003416
1160100009139
1160100165629
1160100394008
1160100424438
1160100461431
1160100513929
1160400007255
1160400033914
1169800192791
1169800224154
1179900033164
1179900172296
1179900269583
1189900098703
1189900147861
1189900293051
1189900587569
1190200062040
1198100038241
1199900031650
1199900064388
1199901101015
1200100003890
1200100005574
1200100007399
1200100011809
1200100014387
1200100020654
1200100020701
1200100024811
1200100027209
1200100027772
1200100028191
1200100028752
1200100028922
1200100030781
1200100031133
1200100035007
1200100035473
1200100035988
1200100036640
1200100036682
1200100037298
1200100038472
1200100038537
1200100039363
1200100040647
1200100042071
1200100042259
1200100042437
1200100042895
1200100043026
1200100043476
1200100044081
1200100047412
1200100047706
1200100048001
1200100050006
1200100050847
1200100051100
1200100051525
1200100053064
1200100053153
1200100054231
1200100054885
1200100057027
1200100057612
1200100058783
1200100062829
1200100064066
1200100067502
1200100068681
1200100069343
1200100070040
1200100070457
1200100070643
1200100071801
1200100072417
1200100072662
1200100073103
1200100073588
1200100075351
1200100076102
1200100076862
1200100077320
1200100079233
1200100081467
1200100081611
1200100081661
1200100081815
1200100082064
1200100082137
1200100083168
1200100083869
1200100084032
1200100085101
1200100085268
1200100086353
1200100088780
1200100089824
1200100092213
1200100093414
1200100094461
1200100094941
1200100096995
1200100102162
1200100103762
1200100104751
1200100105561
1200100106176
1200100107270
1200100107334
1200100107661
1200100108624
1200100109205
1200100110386
1200100110939
1200100111757
1200100112320
1200100119600
1200100119626
1200100120349
1200100120578
1200100120870
1200100120951
1200100121710
1200100122538
1200100122694
1200100125626
1200100126789
1200100129923
1200100129982
1200100130697
1200100131197
1200100131847
1200100133459
1200100135320
1200100136113
1200100136733
1200100137268
1200100139520
1200100140854
1200100141672
1200100141826
1200100143080
1200100144370
1200100144779
1200100145996
1200100146330
1200100146640
1200100148081
1200100150469
1200100152259
1200100152844
1200100153841
1200100155355
1200100156394
1200100156467
1200100157897
1200100158249
1200100160031
1200100161410
1200100162921
1200100164061
1200100164117
1200100164648
1200100165091
1200100165971
1200100166381
1200100168953
1200100170583
1200100172608
1200100174945
1200100175127
1200100175526
1200100175534
1200100176166
1200100176191
1200100176689
1200100177839
1200100177901
1200100178941
1200100181208
1200100181291
1200100181313
1200100181658
1200100182590
1200100183642
1200100183863
1200100183987
1200100185998
1200100187001
1200100189217
1200100190665
1200100193346
1200100194091
1200100194601
1200100194920
1200100195420
1200100195438
1200100197422
1200100199433
1200100199948
1200100202523
1200100203490
1200100204224
1200100205735
1200100206189
1200100208963
1200100209129
1200100210453
1200100210712
1200100211280
1200100211786
1200100212553
1200100212995
1200100215021
1200100215111
1200100216311
1200100217814
1200100222532
1200100222974
1200100223113
1200100223172
1200100223725
1200100223831
1200100224250
1200100224501
1200100225353
1200100225426
1200100225931
1200100226457
1200100226911
1200100229227
1200100230489
1200100230764
1200100231892
1200100232171
1200100233348
1200100234174
1200100234212
1200100234867
1200100236096
1200100236703
1200100237327
1200100238315
1200100239907
1200100240417
1200100241413
1200100241618
1200100242045
1200100245702
1200100248264
1200100249112
1200100251494
1200100251681
1200100251788
1200100252296
1200100253357
1200100253918
1200100254302
1200100257191
1200100257824
1200100258430
1200100260124
1200100262291
1200100263263
1200100263972
1200100264103
1200100264413
1200100266904
1200100267307
1200100268656
1200100268796
1200100269032
1200100271118
1200100273196
1200100273200
1200100276322
1200100277591
1200100278457
1200100278619
1200100280052
1200100280494
1200100280664
1200100282501
1200100283221
1200100284783
1200100285241
1200100285887
1200100287022
1200100288479
1200100289858
1200100290449
1200100290708
1200100293235
1200100295211
1200100296625
1200100297311
1200100301220
1200100302781
1200100303699
1200100304377
1200100306701
1200100306965
1200100308925
1200100309581
1200100309727
1200100311802
1200100313058
1200100313929
1200100315328
1200100316235
1200100320399
1200100321034
1200100321395
1200100321611
1200100322049
1200100323452
1200100324548
1200100326281
1200100327539
1200100328381
1200100329027
1200100329418
1200100330505
1200100331757
1200100331790
1200100332257
1200100334110
1200100335396
1200100335400
1200100339367
1200100340306
1200100343623
1200100345804
1200100348871
1200100350425
1200100350522
1200100352355
1200100353335
1200100354030
1200100354366
1200100356733
1200100358931
1200100359759
1200100359953
1200100360293
1200100361371
1200100364108
1200100364302
1200100365309
1200100369240
1200100369355
1200100369576
1200100369886
1200100372071
1200100374073
1200100375185
1200100378401
1200100378761
1200100379555
1200100379938
1200100383480
1200100385521
1200100386063
1200100386195
1200100387361
1200100390648
1200100392128
1200100394228
1200100394872
1200100395666
1200100395691
1200100396026
1200100397057
1200100398665
1200100399521
1200100400333
1200100403090
1200100409519
1200100409853
1200100410975
1200100411262
1200100411530
1200100412188
1200100414059
1200100414580
1200100414709
1200100418879
1200100420890
1200100420938
1200100421128
1200100422191
1200100424097
1200100424771
1200100425107
1200100426065
1200100427517
1200100427959
1200100428106
1200100428611
1200100429064
1200100429731
1200100430933
1200100431018
1200100431972
1200100432081
1200100432171
1200100432308
1200100434165
1200100435358
1200100437997
1200100440017
1200100442176
1200100442729
1200100442788
1200100444284
1200100449219
1200100449600
1200100456711
1200100457980
1200100459583
1200100461171
1200100461821
1200100462592
1200100464340
1200100464447
1200100466415
1200100470731
1200100472601
1200100472717
1200100475317
1200100475503
1200100476224
1200100476542
1200100479321
1200100480396
1200100482623
1200100483131
1200100483450
1200100485240
1200100485291
1200100486483
1200100487412
1200100487765
1200100488419
1200100490006
1200100492394
1200100493323
1200100495482
1200100497094
1200100498813
1200100500311
1200100500516
1200100501351
1200100502373
1200100503116
1200100504414
1200100513600
1200100513707
1200100514177
1200100515327
1200100515408
1200100515831
1200100518695
1200100518938
1200100522544
1200100525195
1200100526043
1200100527163
1200100528119
1200100528852
1200100528950
1200100531691
1200100532299
1200100534640
1200100534780
1200100535158
1200100537495
1200100538734
1200100542570
1200100543401
1200100545935
1200100547580
1200100547725
1200100548675
1200100549671
1200100552052
1200100552281
1200100552460
1200100552567
1200100552672
1200100553237
1200100557836
1200100558247
1200100558310
1200100560616
1200100561086
1200100561183
1200100562775
1200100562881
1200100566339
1200100572118
1200100572991
1200100574731
1200100576164
1200100576377
1200100580196
1200100586437
1200100586534
1200100587727
1200100587778
1200100588332
1200100588570
1200100589096
1200100589509
1200100591368
1200100591767
1200100593557
1200100594995
1200100596475
1200100597820
1200100599083
1200100599539
1200100599636
1200100603692
1200100603811
1200100604231
1200100605482
1200100607108
1200100609488
1200100609836
1200100610222
1200100611491
1200100614422
1200100617529
1200100618312
1200100620856
1200100623201
1200100624576
1200100625688
1200100628113
1200100629837
1200100630002
1200100631181
1200100631831
1200100633524
1200100634334
1200100635608
1200100636311
1200100637252
1200100639441
1200100639476
1200100640270
1200100642639
1200100642957
1200100644381
1200100644453
1200100645671
1200100646669
1200100647517
1200100650224
1200100655501
1200100656524
1200100657164
1200100659264
1200100659434
1200100659868
1200100661358
1200100661471
1200100661552
1200100664764
1200100671221
1200100672201
1200100673241
1200100674981
1200100676118
1200100676495
1200100679231
1200100682819
1200100685125
1200100685672
1200100689694
1200100691150
1200100691664
1200100691974
1200100693217
1200101707335
1200101712606
1200101714501
1200101716806
1200101718264
1200101719210
1200101723411
1200101723489
1200101723926
1200101724167
1200101724612
1200101724817
1200101726071
1200101727476
1200101728201
1200101728901
1200101730264
1200101730451
1200101731091
1200101733107
1200101734146
1200101735657
1200101736220
1200101736807
1200101737471
1200101740049
1200101743081
1200101743366
1200101745041
1200101749461
1200101750222
1200101751059
1200101751563
1200101751911
1200101752969
1200101753493
1200101753761
1200101754546
1200101757359
1200101757383
1200101758941
1200101759874
1200101763235
1200101765378
1200101766145
1200101768156
1200101768229
1200101768300
1200101771246
1200101776744
1200101777821
1200101778658
1200101780075
1200101780521
1200101782230
1200101782850
1200101782922
1200101784674
1200101784925
1200101787240
1200101789340
1200101789846
1200101790712
1200101793517
1200101796150
1200101799141
1200101799647
1200101801960
1200101802427
1200101802613
1200101802672
1200101804608
1200101807038
1200101807780
1200101809294
1200101809421
1200101811299
1200101811655
1200101811922
1200101812406
1200101814271
1200101814531
1200101816045
1200101817262
1200101817521
1200101819231
1200101819656
1200101820239
1200101822614
1200101823432
1200101823611
1200101826687
1200101828001
1200101831923
1200101832474
1200101835198
1200101835392
1200101836321
1200101838324
1200101840281
1200101841295
1200101842135
1200101846319
1200101848168
1200101848991
1200101850073
1200101850545
1200101851029
1200101851860
1200101854842
1200101856284
1200101857752
1200101859569
1200101860451
1200101863451
1200101867642
1200101871089
1200101871372
1200101873286
1200101874304
1200101876803
1200101877087
1200101877770
1200101878695
1200101879322
1200101881491
1200101881572
1200101882528
1200101882633
1200101887449
1200101890300
1200101891225
1200101891721
1200101894780
1200101895158
1200101895204
1200101895778
1200101896243
1200101896731
1200101896839
1200101896871
1200101897291
1200101897444
1200101898076
1200101898491
1200101903703
1200101905901
1200101907156
1200101908535
1200101911536
1200101911862
1200101912893
1200101914519
1200101915167
1200101916449
1200101916805
1200101918191
1200101918727
1200101920381
1200101921060
1200101938426
1200101938779
1200101941711
1200199000791
1200200016438
1200300045120
1200500001851
1200500040890
1200500048351
1200500057369
1200501079439
1200600013151
1200600019230
1200600028662
1200600034603
1200600041677
1200600107244
1200600143828
1200600178311
1200600183692
1200600197294
1200601396321
1200601406580
1200601412202
1200601456943
1200601462714
1200699002105
1200900018905
1200900219633
1200901266660
1200901300868
1200901316471
1200901383399
1200901399261
1200901492571
1200901524944
1200901725338
1201000022257
1201000024551
1201000040816
1201000045290
1201000062976
1201000067188
1201099000421
1207400001473
1208300018251
1208300047979
1208300052441
1208300114382
1208900001228
1208900001279
1208900001368
1208900002615
1208900002623
1208900002852
1208900002887
1208900003255
1208900003263
1208900003387
1208900003646
1208900004065
1208900004103
1208900004171
1208900004189
1208900005657
1208900006173
1208900006238
1208900008176
1208900009075
1208900009351
1208900011851
1209000001915
1209000002326
1209000003365
1209000003489
1209000004183
1209000004442
1209000007344
1209000012291
1209000012879
1209000013573
1209000015312
1209000015487
1209000016645
1209000016653
1209000017099
1209000017536
1209000018362
1209000020545
1209000020855
1209000022602
1209000023013
1209000023081
1209000026837
1209000028023
1209000028490
1209000028872
1209000029984
1209000030974
1209000031199
1209000033434
1209000033698
1209000033701
1209000034783
1209000035941
1209000037081
1209000037723
1209000038959
1209000039378
1209000041143
1209000043316
1209000043537
1209000044169
1209000044690
1209000049322
1209000049535
1209000050134
1209000050631
1209000052129
1209000052358
1209000053966
1209000054768
1209000055195
1209000057635
1209000058356
1209000059662
1209000059913
1209000060326
1209000061004
1209000062442
1209000062493
1209000064780
1209000065727
1209000067428
1209000068629
1209000069064
1209000070569
1209000071492
1209000072375
1209000073231
1209000073258
1209000073649
1209000076818
1209000076991
1209000078047
1209000079647
1209000079850
1209000081382
1209000081501
1209000082109
1209000082389
1209000083008
1209000083245
1209000084438
1209000084918
1209000084951
1209000085451
1209000086546
1209000087097
1209000087411
1209000088476
1209000089367
1209000090713
1209000092015
1209000092112
1209000092911
1209000096690
1209000097475
1209000097840
1209000098218
1209000099401
1209000100123
1209000101413
1209000102011
1209000102649
1209000104871
1209000106512
1209000106806
1209000108230
1209000110285
1209000111214
1209000111834
1209000112300
1209000114035
1209000115325
1209000117247
1209000117263
1209000117514
1209000117883
1209000118456
1209000118685
1209000119266
1209000121686
1209000123158
1209000124286
1209000124766
1209000125371
1209000125754
1209000126149
1209000126921
1209000127552
1209000127978
1209000128141
1209000129725
1209000130260
1209000132611
1209000132718
1209000133005
1209000134257
1209000135547
1209000138066
1209000140672
1209000140974
1209000141695
1209000141717
1209000142365
1209000144848
1209000145283
1209000145500
1209000146000
1209000147928
1209000148746
1209000149122
1209000150031
1209000150627
1209000150775
1209000152026
1209000152867
1209000155726
1209000155921
1209000156048
1209000156757
1209000156927
1209000158890
1209000161823
1209000162404
1209000167155
1209000171080
1209000171624
1209000172728
1209000172868
1209000172906
1209000173791
1209000175069
1209000175476
1209000175701
1209000176502
1209000176651
1209000178041
1209000178513
1209000178661
1209000179471
1209000180828
1209000182375
1209000184696
1209000184734
1209000185706
1209000185862
1209000185951
1209000186214
1209000191595
1209000191838
1209000191919
1209000192257
1209000193148
1209000196384
1209000198565
1209000198999
1209000199847
1209000199910
1209000201230
1209000202261
1209000202660
1209000203241
1209000203682
1209000204590
1209000204751
1209000205421
1209000206142
1209000207688
1209000208421
1209000210018
1209000210905
1209000211324
1209000211812
1209000212886
1209000214871
1209000215761
1209000218086
1209000218426
1209000218477
1209000218507
1209000218612
1209000218922
1209000220854
1209000221591
1209000222709
1209000223110
1209000223667
1209000225970
1209000226721
1209000227972
1209000228189
1209000228685
1209000229576
1209000231651
1209000233107
1209000233786
1209000234812
1209000234855
1209000235134
1209000235380
1209000237340
1209000240138
1209000240201
1209000240260
1209000240766
1209000241231
1209000242254
1209000242319
1209000243668
1209000244559
1209000246551
1209000247175
1209000247281
1209000247922
1209000250290
1209000250486
1209000250656
1209000251903
1209000251971
1209000258045
1209000261259
1209000261844
1209000261992
1209000262484
1209000263111
1209000263855
1209000264126
1209000264819
1209000266293
1209000266579
1209000267974
1209000269373
1209000269462
1209000274423
1209000277341
1209000278241
1209000279336
1209000279379
1209000280938
1209000283155
1209000283368
1209000285441
1209000286103
1209000287916
1209000289757
1209000289986
1209000291000
1209000294483
1209000295234
1209000296265
1209000300220
1209000302737
1209000304691
1209000304781
1209000306856
1209000308344
1209000308697
1209000309570
1209000310268
1209000313186
1209000313267
1209000314395
1209000314727
1209000315863
1209000316835
1209000319737
1209000319753
1209000320859
1209000321537
1209000323025
1209000327187
1209000327331
1209000328574
1209000329481
1209000329635
1209000334035
1209000334396
1209000334523
1209000337492
1209000338626
1209000338642
1209000340108
1209000340876
1209000350227
1209000350456
1209000355032
1209000355962
1209000355997
1209000356659
1209000357507
1209000358571
1209000358694
1209000359071
1209000359101
1209000361318
1209000361385
1209000361741
1209000363027
1209000364457
1209000364988
1209000365356
1209000365640
1209000366549
1209000366557
1209000366786
1209000367456
1209000367880
1209000368029
1209000368185
1209000370724
1209000372123
1209000372557
1209000373634
1209000377001
1209000381955
1209000382811
1209000382901
1209000382927
1209000383516
1209000384652
1209000385772
1209000385781
1209000386272
1209000388062
1209000388569
1209000391314
1209000399757
1209000402871
1209000402928
1209000404513
1209000405897
1209000406478
1209000409825
1209000410874
1209000412478
1209000412613
1209000412699
1209000414497
1209000414624
1209000417283
1209000420659
1209000420802
1209000421230
1209000422503
1209000422716
1209000422848
1209000423674
1209000425952
1209000430026
1209000430492
1209000431642
1209000432967
1209000432975
1209000434081
1209000435397
1209000438981
1209000439481
1209000440901
1209000442423
1209000443021
1209000443985
1209000446445
1209000447131
1209000447638
1209000448715
1209000448847
1209000450361
1209000452801
1209000453069
1209000456122
1209000462955
1209000462963
1209000464214
1209000464885
1209000465091
1209000466608
1209000466977
1209000467795
1209000468546
1209000468911
1209000469836
1209000471199
1209000471920
1209000471938
1209000473574
1209000473752
1209000474830
1209000476557
1209000478436
1209000479041
1209000480031
1209000480996
1209000483278
1209000483766
1209000484070
1209000484142
1209000484541
1209000485700
1209000485734
1209000488491
1209000490045
1209000491050
1209000491947
1209000494130
1209000494831
1209000495292
1209000495306
1209000496353
1209000498020
1209000498755
1209000499468
1209000500571
1209000501322
1209000501616
1209000504526
1209000504810
1209000506294
1209000506910
1209000507321
1209000508254
1209000509773
1209000510046
1209000510097
1209000510755
1209000511468
1209000514700
1209000515650
1209000516061
1209000520807
1209000522338
1209000524730
1209000525574
1209000525655
1209000525710
1209000528441
1209000530934
1209000531680
1209000536495
1209000537483
1209000537947
1209000538374
1209000538820
1209000539001
1209000539265
1209000541804
1209000542444
1209000542819
1209000543319
1209000543696
1209000544587
1209000545478
1209000546687
1209000550013
1209000550340
1209000550447
1209000551087
1209000552172
1209000552458
1209000553357
1209000555856
1209000557433
1209000557859
1209000558073
1209000559606
1209000559991
1209000561384
1209000562551
1209000562763
1209000563417
1209000563891
1209000564073
1209000564731
1209000564847
1209000565665
1209000565801
1209000566360
1209000568982
1209000569415
1209000571321
1209000572629
1209000575300
1209000575946
1209000577124
1209000579623
1209000580231
1209000580427
1209000581385
1209000583574
1209000584791
1209000586433
1209000590848
1209000591976
1209000592824
1209000593588
1209000594304
1209000595629
1209000595831
1209000595882
1209000596901
1209000598016
1209000598377
1209000598563
1209000598709
1209000598873
1209000599951
1209000601777
1209000601971
1209000602145
1209000603826
1209000604351
1209000605217
1209000605462
1209000606531
1209000606540
1209000608712
1209000610563
1209000611969
1209000611985
1209000612311
1209000613376
1209000613856
1209000614488
1209000614534
1209000616243
1209000616456
1209000617088
1209000617541
1209000617835
1209000618777
1209000619129
1209000620194
1209000620879
1209000621972
1209000622375
1209000623002
1209000626141
1209000626591
1209000627024
1209000627164
1209000628381
1209000628691
1209000629663
1209000631307
1209000633415
1209000634578
1209000635141
1209000635159
1209000635957
1209000636708
1209000638336
1209000638913
1209000639634
1209000640527
1209000643178
1209000643747
1209000645596
1209000645774
1209000645839
1209000649303
1209000649524
1209000651545
1209000651910
1209000652011
1209000654056
1209000654196
1209000654986
1209000655648
1209000657641
1209000659201
1209000662229
1209000662563
1209000663861
1209000663870
1209000665678
1209000665791
1209000666526
1209000666780
1209000668260
1209000670043
1209000671201
1209000671821
1209000672127
1209000672275
1209000673972
1209000674731
1209000675932
1209000677048
1209000677544
1209000678389
1209000680618
1209000680669
1209000682866
1209000684982
1209000685610
1209000685644
1209000685792
1209000686292
1209000687426
1209000688058
1209000690141
1209000691091
1209000691695
1209000693639
1209000696751
1209000697227
1209000699173
1209000702395
1209000705319
1209000706498
1209000707486
1209000708326
1209000708563
1209000709276
1209000710711
1209000711491
1209000711688
1209000711726
1209000715292
1209000716418
1209000718194
1209000719441
1209000719751
1209000720211
1209000724046
1209000725077
1209000725611
1209000726189
1209000729218
1209000733410
1209000735374
1209000737130
1209000737750
1209000737814
1209000738128
1209000739540
1209000741021
1209000742508
1209000743202
1209000743229
1209000747259
1209000749936
1209000750519
1209000750594
1209000750691
1209000750781
1209000751159
1209000752139
1209000752244
1209000755910
1209000758234
1209000759176
1209000759354
1209000760778
1209000761936
1209000764358
1209000765346
1209000767721
1209000768507
1209000771443
1209000773250
1209000775252
1209000775465
1209000778511
1209000782305
1209000786050
1209000787561
1209000789431
1209000790278
1209000791746
1209000793161
1209000793510
1209000794320
1209000799534
1209000800087
1209000804589
1209000805488
1209000806891
1209000807669
1209000810546
1209000814011
1209000814487
1209000815122
1209000818008
1209000819241
1209000820665
1209000821301
1209000825578
1209000826825
1209000827678
1209000830814
1209000832256
1209000835191
1209000835590
1209000835719
1209000836464
1209000840879
1209000842910
1209000844301
1209000844386
1209000845081
1209000845650
1209000847351
1209000847539
1209000847580
1209000849329
1209000849647
1209000850793
1209000852052
1209000852664
1209000852745
1209000858018
1209000860080
1209000865995
1209000867939
1209000868404
1209000868901
1209000869800
1209000871693
1209000872002
1209000874013
1209000876211
1209000876334
1209000876555
1209000876628
1209000877837
1209000882288
1209000883870
1209000884892
1209000888243
1209000889541
1209000890078
1209000891686
1209000894791
1209000895886
1209000896840
1209000897706
1209000898940
1209000902319
1209000904273
1209000904583
1209000907698
1209000908210
1209000909186
1209000910192
1209000910273
1209000912560
1209000916441
1209000921917
1209000925670
1209000926897
1209000929349
1209000931181
1209000932366
1209000932692
1209000933303
1209000934911
1209000935799
1209000940954
1209000943775
1209000944135
1209000945654
1209000946090
1209000949099
1209000957849
1209000962281
1209000964390
1209000964900
1209000968492
1209000970586
1209000970594
1209000979524
1209000982177
1209000987322
1209000988183
1209000989767
1209000993144
1209000993446
1209000999924
1209001000653
1209001004128
1209001005710
1209001006155
1209001011361
1209001015821
1209001023084
1209001029571
1209001032466
1209001033918
1209001035643
1209001036771
1209001038529
1209001040400
1209001041716
1209001043441
1209001043701
1209001047595
1209001048427
1209001049032
1209001049075
1209001052769
1209001061407
1209001064066
1209001064945
1209001065534
1209001066662
1209001067413
1209001072310
1209001074754
1209001076013
1209001076676
1209001084954
1209001088275
1209001088356
1209001090105
1209001090415
1209001102332
1209001103011
1209001103835
1209001104564
1209001114080
1209001114501
1209001114900
1209001115701
1209001116571
1209001117682
1209001117780
1209001117879
1209001119871
1209001120063
1209001121396
1209001122376
1209001125073
1209001125162
1209001126045
1209001127734
1209001130417
1209001134935
1209001142580
1209001148031
1209001150213
1209001151716
1209001151732
1209001154472
1209001166870
1209001168171
1209001169186
1209001173591
1209001174228
1209001176701
1209001181569
1209001182409
1209001182760
1209001183324
1209001188954
1209001192684
1209001195675
1209001198631
1209001200008
1209001201225
1209001202604
1209001202850
1209001205140
1209001208351
1209001209528
1209001210518
1209001211069
1209001214483
1209001216541
1209001221757
1209001228441
1209001234913
1209001238781
1209001242177
1209001247420
1209001250846
1209001259517
1209001266602
1209001274150
1209001276616
1209001276659
1209001277574
1209001279763
1209001284368
1209001298946
1209001299381
1209001299896
1209001311543
1209001312035
1209001314313
1209001320658
1209001329761
1209001332133
1209001336988
1209001342350
1209001353335
1209001353718
1209001357039
1209001362806
1209001371295
1209001371830
1209001372933
1209001372941
1209001375819
1209001378095
1209001380553
1209001380634
1209001384974
1209001394473
1209001397405
1209001397901
1209001400813
1209001403120
1209001403782
1209001407711
1209001409101
1209001411483
1209001416639
1209001422230
1209200003458
1209301121031
1209301238329
1209301269500
1209400001238
1209400007350
1209400008607
1209400009743
1209400010113
1209400011276
1209400011918
1209400013490
1209400014241
1209400015271
1209400015620
1209400015883
1209400016171
1209400016341
1209400016642
1209400017436
1209400017517
1209400018858
1209401028946
1209401029063
1209401029675
1209401030657
1209401030720
1209401031211
1209401031378
1209401031483
1209401031874
1209401032501
1209401032978
1209401033711
1209401035110
1209401035144
1209401035152
1209401035373
1209401036141
1209401036159
1209401036302
1209401039867
1209401040725
1209401041501
1209401041764
1209401041829
1209401042761
1209401043325
1209401044011
1209401044348
1209401045441
1209401047002
1209401048777
1209401049595
1209401050909
1209401052022
1209401052871
1209401053428
1209401053690
1209401055153
1209401056311
1209401058896
1209401060637
1209401060696
1209401062150
1209401062745
1209401063610
1209401063814
1209401063890
1209401065191
1209401066881
1209401066953
1209401068123
1209401068280
1209401068697
1209401068964
1209401069901
1209401069995
1209401072074
1209401072856
1209401073542
1209401076657
1209401077670
1209401079532
1209401079869
1209401081618
1209401082304
1209401083017
1209401085044
1209401085273
1209401085443
1209401089767
1209401091362
1209401093497
1209401094281
1209401094973
1209401099690
1209401101163
1209401101937
1209401106017
1209401111339
1209401117558
1209401121253
1209401126395
1209500021656
1209500025821
1209500065297
1209500070126
1209500074547
1209500076761
1209501199971
1209501262525
1209501265621
1209501275392
1209501320053
1209501337045
1209600062613
1209600063318
1209600124074
1209600138997
1209600167580
1209600198655
1209600201362
1209600212801
1209601243883
1209601307598
1209601314268
1209601400369
1209601400741
1209601418233
1209601429642
1209601484643
1209601485534
1209601489602
1209601625816
1209601684006
1209601692751
1209601736642
1209601750327
1209700009188
1209700019949
1209700022079
1209700041359
1209700043882
1209700049830
1209700062950
1209700068923
1209700074150
1209700083914
1209700085542
1209700133881
1209700145758
1209700166828
1209700172551
1209700173654
1209700187027
1209700191873
1209700211645
1209700216957
1209700228220
1209700242214
1209700245078
1209700250705
1209700261391
1209700269121
1209700274825
1209700287854
1209700301059
1209700313553
1209700315017
1209700319675
1209700320851
1209700343088
1209700345935
1209700378868
1209700399181
1209700411156
1209700414066
1209700414511
1209700414759
1209700431815
1209700444348
1209700445883
1209700462532
1209700469529
1209700484480
1209700496836
1209700498499
1209700510332
1209700524368
1209700529742
1209700532654
1209700537052
1209700548283
1209700553023
1209700557347
1209700564882
1209700566036
1209700593319
1209700593955
1209700613409
1209700616700
1209700621266
1209700624290
1209700633132
1209700646803
1209700655641
1209700662671
1209700669846
1209700679418
1209700700115
1209700701219
1209700704595
1209700707179
1209700711877
1209700727129
1209700732823
1209700735997
1209701765423
1209701766004
1209701772420
1209701777464
1209701787460
1209701791629
1209701807754
1209701821625
1209701855473
1209701865495
1209701867323
1209701872122
1209701872653
1209701882951
1209701894878
1209701900541
1209701906175
1209701906183
1209701913066
1209701913244
1209701925943
1209701930564
1209701932036
1209701936520
1209701957781
1209701963535
1209701975363
1209701983277
1209701988317
1209701994864
1209702011830
1209702017625
1209702018303
1209702027442
1209702032225
1209702034376
1209702036310
1209702040571
1209702040589
1209702041623
1209702050908
1209702054130
1209702072626
1209702074998
1209702077661
1209702078110
1209702081269
1209702097661
1209702117123
1209702124707
1209702129776
1209702140141
1209702141423
1209702146743
1209702149688
1209702150040
1209702162510
1209702165730
1209702167988
1209702170733
1209702180062
1209702180666
1209702187377
1209702188039
1209702190025
1209702206339
1209702214803
1209702218990
1209702239253
1209702251393
1209702253710
1209702254724
1209702258126
1209702279387
1209702282329
1209702291131
1209702305680
1209702315421
1209702330307
1209702331818
1209702334396
1209702336593
1209702342691
1209702348940
1209702358473
1209702362195
1209702379110
1209702382188
1209702389808
1209702409523
1209702430905
1209702435010
1209702445988
1209702451911
1209702487460
1209702492706
1209702503805
1209702507339
1209702509536
1209702511379
1209702518420
1209702518896
1209702528841
1209702534093
1209702537360
1209702539010
1209702543033
1209702545842
1209702546652
1209702547314
1209702547535
1209702549571
1209702576268
1209702596714
1209702601106
1209702607961
1209702608402
1209702611420
1209702641515
1209702642171
1209702642180
1209702643895
1209702653297
1209702675126
1209702676891
1209702696336
1209702698274
1209702715659
1209702719832
1209702721403
1209702722175
1209702723040
1209702728505
1209702729072
1209702740122
1209702749090
1209702778588
1209702787978
1209702801644
1209702803400
1209702810759
1209702827830
1209702839927
1209702847849
1209702861230
1209702863534
1209702873815
1209702874617
1209702884931
1209702894332
1209702896611
1209702903650
1209702905172
1209702907868
1209702942795
1209702953851
1209702955463
1209702958381
1209702963369
1209702971272
1209702989554
1209702999215
1209703024773
1209703049652
1209703058635
1209703132592
1209703159369
1209703203813
1209703230942
1209703242100
1209703313112
1209703360561
1209703424887
1209703554951
1209900001547
1209900003515
1209900004031
1209900005313
1209900007936
1209900008223
1209900008231
1209900008959
1209900010911
1209900011097
1209900011305
1209900011330
1209900011771
1209900062228
1209900062619
1209900064221
1209900064824
1209900065855
1209900066029
1209900066070
1209900066274
1209900066819
1209900066967
1209900067297
1209900068277
1209900068943
1209900069729
1209900070671
1209900070859
1209900070948
1209900071529
1209900073947
1209900078078
1209900078761
1209900080242
1209900081851
1209900082172
1209900123952
1209900124053
1209900124452
1209900124771
1209900126056
1209900126455
1209900127435
1209900129152
1209901134290
1209901135211
1209901135407
1209901136179
1210300006981
1210399000751
1210400043242
1210500083033
1210600093201
1219400061010
1219800006911
1219800022844
1219800057184
1219800191883
1219800291144
1219800315299
1219800363757
1219800433917
1219800514291
1219900033783
1219900112713
1219900114643
1219900158110
1219900234860
1219900271412
1219900704645
1219900733017
1219900827739
1219900833950
1219900903290
1219900974707
1219900990168
1219901245288
1219901548574
1228200001845
1228500036911
1229700002477
1229800065527
1229900002021
1229900278263
1229900538818
1229900546195
1229900609146
1229900666034
1229900673430
1229900716139
1229900755754
1229900895386
1229900923487
1229900941175
1229900994767
1229901024681
1229901025342
1229901103963
1229901393210
1230100005884
1230200002771
1230500002921
1239900010406
1239900013669
1239900017397
1239900029387
1239900107191
1239900114571
1239900157571
1239900353052
1240400055879
1240400088599
1240401128501
1240401215977
1240401310007
1240600178460
1240800058841
1241000080125
1248100002882
1248100066651
1248100087438
1249900007707
1249900034330
1249900116743
1249900231496
1249900384012
1249900897923
1249900928128
1249901372051
1250400202154
1250500135238
1250500164572
1258800000238
1259500153404
1260401253321
1269900313492
1269900467660
1270300012027
1270400057979
1270900055681
1279800266557
1279900558967
1300200023018
1300200124515
1300201220640
1300300014100
1300301182839
1300800114243
1301400175238
1301500084587
1301500109318
1302000135221
1302201095197
1308900019347
1309801293573
1309900027880
1309900225835
1309900672459
1309901113488
1309902476681
1309903703584
1310400169148
1310500008421
1310800014770
1311000009837
1311000030313
1311000085428
1311100008131
1311100091195
1311290001150
1311300001785
1311400020749
1319300074208
1319500113398
1319700047003
1319800138094
1319900185035
1319900777196
1319900923583
1319901177851
1319901612891
1319901761536
1319901761544
1320100002329
1320100031922
1320100124602
1320300176258
1320400061436
1320600016159
1320600124601
1320900023134
1320900081037
1321000103370
1321000127686
1321200060186
1329900116891
1329900206806
1329901230255
1330400112871
1330400254056
1330800095460
1330800199958
1331400032381
1331700082600
1339900073962
1339901182463
1340100053501
1340100102668
1340700316031
1340700360463
1340700401097
1340700471958
1341300057390
1341501359601
1341800013405
1342000148366
1342500054875
1347800019191
1349900572853
1349901070291
1350100232758
1350100253089
1350100291681
1350100511312
1350101629414
1359700000171
1360700050341
1368600047469
1369900043711
1369900350931
1369900427764
1380500007239
1400700231590
1401400069496
1401600228652
1402400063472
1409600122231
1409800186870
1409900016283
1409900017913
1409900603987
1409900853517
1409900973407
1409903309044
1409903505471
1409904182684
1410100069023
1410600314388
1410600328907
1411300090922
1411300106853
1411400104593
1411700186277
1411701327303
1412301031238
1417300030801
1419900133344
1419900615632
1419902112573
1419902943581
1420500006509
1430100018208
1430100063416
1430100145439
1430300092207
1430500172387
1430800048738
1440500156888
1440500172531
1449200004614
1449901029508
1450200113733
1450200152551
1450300077623
1451100088738
1459900367329
1459900456186
1460500081641
1467700006363
1467800030941
1469500018084
1469900084548
1469900092095
1470801487654
1471000068956
1471100051273
1471200184887
1471200263396
1471400031821
1471500003101
1471600015349
1479900364095
1480500134990
1480501367793
1489900543933
1499900162581
1499900282137
1499900292175
1501600067062
1508700199757
1509900738920
1509966276258
1509967002445
1510101389713
1510401231244
1520400006778
1520500075399
1520500090975
1521200045517
1529900190045
1529900322561
1529900634814
1529902382731
1540300060592
1549900395763
1549900508509
1560101531960
1567700036245
1567700112421
1568700014013
1570300012369
1579900075769
1579900235243
1579901153381
1579901352162
1600100494440
1600101981352
1601300093415
1601300096741
1601300102937
1609900295130
1609900442621
1609900727285
1609900785765
1620400042170
1620600006282
1620600055593
1620600079751
1620600107186
1620600107194
1620600128264
1627900005016
1629900414058
1629900624133
1629900669242
1629900716844
1629901066444
1630500037020
1630500083587
1630500220568
1639800145918
1639900329981
1639900479320
1640500074910
1659600003192
1659900304112
1659901872980
1659902815556
1660200076810
1662990109512
1667900056877
1669800287313
1669900394545
1670100007743
1670100142608
1670100167236
1670100204352
1670400085308
1670500239587
1670800006952
1670800093359
1679900193183
1679900525429
1679900563401
1679900850061
1679900882540
1700200048742
1709700075151
1709800212649
1709800397274
1709900633697
1709900858575
1709901863882
1710201141363
1718400013516
1719200027051
1719200044435
1719900430095
1719900670746
1719900878371
1721000078959
1721000140557
1729800339436
1729900331623
1729900401524
1730100002104
1730200236255
1730201428174
1730600127658
1739901910643
1739901926604
1739902072579
1739902251384
1740100052641
1740101122375
1749700193286
1749700198725
1749900153610
1749900364246
1749900443766
1749900485469
1749901651630
1759900094192
1759900239506
1759900283793
1760700046161
1770200014708
1770200035357
1770200088507
1770600012290
1779800431600
1809900063679
1820600037313
1839900114826
1839901916802
1839902520295
1840100034668
1840100260021
1841400040206
1841400081824
1849900294379
1849901389357
1849902649212
1859900436106
1860300055294
1860300084138
1860300091711
1900700006591
1901000052711
1909800424351
1909802651915
1909803078615
1909900063848
1920600008924
1920601295455
1920601327306
1959900089481
1969300111663
2110400033777
2119701012513
2119701012521
2129700017961
2150600014105
2189900001228
2200100003103
2200100003162
2200100006218
2200100006544
2200100006552
2200100006994
2200100007401
2200100007451
2200100007494
2200100016001
2200100016230
2200100017465
2200100017970
2200100018798
2200100022442
2200100023449
2200100023708
2200100024224
2200100024909
2200100026693
2200100027398
2200100027576
2200100028513
2200100028688
2200100029439
2200100030607
2200100031204
2200100031409
2200100031506
2200100031514
2200100031760
2200100035552
2200100039183
2200100040041
2200100040114
2200100044004
2200100044713
2200100046996
2200100050225
2200100053071
2200100054239
2200100055197
2200100057343
2200100058226
2200100058650
2200100059028
2200100063441
2200100067225
2200100067349
2200100068337
2200100070161
2200100070285
2200101092266
2200101093149
2200101098353
2200101098574
2200101100439
2200101100862
2200101101346
2200101101621
2200101101729
2200101101737
2200101103039
2200101103861
2200101103888
2200101104060
2200101104507
2200101106402
2200101109100
2200101109291
2200101109789
2200101113221
2200101113930
2200101115223
2200101115312
2200101115401
2200200018854
2200900017265
2200900018075
2200901044525
2201001035083
2201001035091
2201001039992
2207500002950
2209000001042
2209000002880
2209000003347
2209000003592
2209000005315
2209000006427
2209000006494
2209000007032
2209000007300
2209000009361
2209000010173
2209000013466
2209000017054
2209000017348
2209000018352
2209000018590
2209000018671
2209000021922
2209400001571
2209401008331
2209401008692
2209401008757
2240401045107
2240500016245
2279800001055
2300800019087
2301000022157
2301200025656
2310500001476
2310700057785
2311000020430
2320200001381
2320700001208
2339900018528
2340700004126
2401000017136
2419900029111
2430500023835
2450200022787
2451000022695
2451600002130
2461000016857
2470300028825
2601200001371
2610100016031
2630500161047
2700800017633
2760500021643
2770100001122
2770300001401
2840300016319
3100100710445
3100100710470
3100101070997
3100101071004
3100200492474
3100200492482
3100200775298
3100201015629
3100201166317
3100201176738
3100201798305
3100201997022
3100202080980
3100202081030
3100202081129
3100202310292
3100202791215
3100203015383
3100203157552
3100203410321
3100203411084
3100203678617
3100300236500
3100300314381
3100300339007
3100400046273
3100400068129
3100500236520
3100500715444
3100500715461
3100500726004
3100500758569
3100500928103
3100500950621
3100501383984
3100501426764
3100501716011
3100502449881
3100600112393
3100600119096
3100600499638
3100600555180
3100600590864
3100600675355
3100600703154
3100600703171
3100600703189
3100600722485
3100600963822
3100601231922
3100601276934
3100601505712
3100601587069
3100602391613
3100602391630
3100602418902
3100602634711
3100602764266
3100602764274
3100602890300
3100602890326
3100602963609
3100603006799
3100603337248
3100603337256
3100603337281
3100700300957
3100700359609
3100700474718
3100700474734
3100700474751
3100700662085
3100700718552
3100800770602
3100900208205
3100900343323
3100900459402
3100900940895
3100901051300
3100901055909
3100901060643
3100901289284
3100901419269
3100901627228
3100901627252
3100901627287
3100902263751
3100902263769
3100902727927
3100902733609
3100902733617
3100902849909
3100902901510
3100902901528
3100902901536
3100903252639
3100903252663
3100903378675
3100903378721
3100903378756
3100903380076
3100903380084
3100903418669
3100903538966
3100903598420
3100903671801
3100903885071
3100903994805
3100904095367
3100904304420
3100904311116
3100904350243
3100904362900
3100904477804
3100904696646
3100904696654
3100904734823
3100904734831
3100904734840
3100904743750
3100904815742
3100904942272
3100905236690
3100905373450
3100905756073
3100905756090
3101000229355
3101000229371
3101100434325
3101200354765
3101200354781
3101200722535
3101200722543
3101200722560
3101200735301
3101202204591
3101202286961
3101202287054
3101202287062
3101202648499
3101202819510
3101203277656
3101290005790
3101300580651
3101401334834
3101401504446
3101401504471
3101401906773
3101401906781
3101401906811
3101402019274
3101402054401
3101402246297
3101402281076
3101402778591
3101403103643
3101500234790
3101500234803
3101500234811
3101500969056
3101501036720
3101501125455
3101501268701
3101501418339
3101501638631
3101501706881
3101501846675
3101502069257
3101600247401
3101600622244
3101600931620
3101700052687
3101700137488
3101700137500
3101700137518
3101700178061
3101701416828
3101701466485
3101701523136
3101701619869
3101701810798
3101701891569
3101701963624
3101702035241
3101800145571
3101800271399
3101800403244
3101800666598
3101800741964
3101800889678
3101801063901
3101801071695
3101801071709
3101900543706
3101900543731
3101900543757
3101900719961
3102000046481
3102000090315
3102000129718
3102000130147
3102000130171
3102000162553
3102000163665
3102000353464
3102000403682
3102000414897
3102000826826
3102000926332
3102001128863
3102001254257
3102001985731
3102002279229
3102002353046
3102002663070
3102002914200
3102100243105
3102100243113
3102100778084
3102101674541
3102101674568
3102200092699
3102200345180
3102200476446
3102200815046
3102200815054
3102200927481
3102201528598
3102201960589
3102400146407
3102400971840
3110100539843
3110100568592
3110100731698
3110100744714
3110100744722
3110100744731
3110100744757
3110100744765
3110100892331
3110100985886
3110101021708
3110101388296
3110101609748
3110101769265
3110101988943
3110102302301
3110200218135
3110200288443
3110200365278
3110200386984
3110200386992
3110200387000
3110200387018
3110200452758
3110300183058
3110300283028
3110400164713
3110400272621
3110400282023
3110400430618
3110400892875
3110400909867
3110400960692
3110401280580
3110401429419
3110401443721
3110401443748
3110401443772
3119900115027
3119900132649
3119900142423
3119900257433
3120100062095
3120100124848
3120100386320
3120100386346
3120100386362
3120100386371
3120100456506
3120101214115
3120101243611
3120101746192
3120200197995
3120200421917
3120200454742
3120300002649
3120300178852
3120300314331
3120500211934
3120600255810
3129800007176
3129800015080
3129800015144
3129800076500
3130200597802
3130400285774
3130500088369
3130500088458
3130600214951
3130600379349
3130600379357
3130600384130
3140100480041
3140200342391
3140400147665
3140600126220
3140700110236
3140700110309
3140900033715
3140900219177
3149900117381
3149900395330
3149900563470
3150200133750
3150300070768
3150500039830
3150500039864
3159900084776
3160100129017
3160100460406
3160100472897
3160100713266
3160100927037
3160100975163
3160101124787
3160101491429
3160101700168
3160300293945
3160400066436
3160400430715
3160400577732
3160400693937
3160500171185
3160600296907
3160600425154
3160600565665
3169900230926
3170300015236
3170400139719
3170500020462
3170600096657
3179900021782
3179900134781
3179900134790
3180200307430
3180600253825
3189900083583
3190100174845
3190400069761
3190400069818
3190400069869
3190700055863
3191100266465
3191100470763
3199800002689
3199900458463
3200100024907
3200100027205
3200100050959
3200100091035
3200100091043
3200100091051
3200100091060
3200100091078
3200100091086
3200100091094
3200100091108
3200100091159
3200100091167
3200100091175
3200100091183
3200100091191
3200100091205
3200100091213
3200100091221
3200100091230
3200100091256
3200100091264
3200100091272
3200100091281
3200100091299
3200100091329
3200100091353
3200100091361
3200100091370
3200100091388
3200100091418
3200100091485
3200100091493
3200100091515
3200100091531
3200100091540
3200100091558
3200100091566
3200100091574
3200100091582
3200100091604
3200100091639
3200100091647
3200100091655
3200100091663
3200100091671
3200100091701
3200100091710
3200100091728
3200100091744
3200100091817
3200100091825
3200100091833
3200100091841
3200100091850
3200100091868
3200100091884
3200100091892
3200100091914
3200100091990
3200100092007
3200100092066
3200100092112
3200100092121
3200100092155
3200100092171
3200100092180
3200100092198
3200100092201
3200100092236
3200100092252
3200100092261
3200100092325
3200100092333
3200100092341
3200100092350
3200100092368
3200100092414
3200100092457
3200100092465
3200100092473
3200100092503
3200100092597
3200100092601
3200100092619
3200100092660
3200100092775
3200100092783
3200100092791
3200100092805
3200100092830
3200100092848
3200100092864
3200100092872
3200100092881
3200100092961
3200100093003
3200100093151
3200100093186
3200100093224
3200100093241
3200100093356
3200100093364
3200100093372
3200100093381
3200100093399
3200100093411
3200100093437
3200100093470
3200100093488
3200100093496
3200100093500
3200100093518
3200100093526
3200100093534
3200100093542
3200100093640
3200100093658
3200100093682
3200100093704
3200100093721
3200100093739
3200100093747
3200100093755
3200100093780
3200100093798
3200100093810
3200100093828
3200100093844
3200100093917
3200100093933
3200100093950
3200100093968
3200100094026
3200100094051
3200100094069
3200100094077
3200100094085
3200100094093
3200100094107
3200100094115
3200100094158
3200100094204
3200100094336
3200100094352
3200100094361
3200100094379
3200100094387
3200100094409
3200100094417
3200100094425
3200100094476
3200100094484
3200100094492
3200100094573
3200100094603
3200100094611
3200100094638
3200100094646
3200100094654
3200100094662
3200100094697
3200100094701
3200100094760
3200100094786
3200100094794
3200100094816
3200100094824
3200100094832
3200100094841
3200100094859
3200100094867
3200100094891
3200100094905
3200100094921
3200100094930
3200100094948
3200100094956
3200100094964
3200100094972
3200100094981
3200100094999
3200100095006
3200100095031
3200100095057
3200100095081
3200100095111
3200100095243
3200100095286
3200100095294
3200100095308
3200100095316
3200100095413
3200100095448
3200100095464
3200100095472
3200100095481
3200100095511
3200100095537
3200100095553
3200100095588
3200100095600
3200100095618
3200100095626
3200100095707
3200100095782
3200100095791
3200100095804
3200100095812
3200100095821
3200100095839
3200100095847
3200100095871
3200100095928
3200100095936
3200100095952
3200100095961
3200100095995
3200100096002
3200100096011
3200100096029
3200100096045
3200100096061
3200100096070
3200100096118
3200100096142
3200100096169
3200100096177
3200100096207
3200100096215
3200100096231
3200100096240
3200100096274
3200100096282
3200100096339
3200100096355
3200100096363
3200100096398
3200100096436
3200100096452
3200100096517
3200100096525
3200100096533
3200100096541
3200100096576
3200100096631
3200100096649
3200100096657
3200100096711
3200100096720
3200100096738
3200100096746
3200100096762
3200100096771
3200100096789
3200100096797
3200100096851
3200100096878
3200100096886
3200100096894
3200100096959
3200100096983
3200100096991
3200100097009
3200100097017
3200100097033
3200100097131
3200100097149
3200100097157
3200100097181
3200100097203
3200100097211
3200100097246
3200100097254
3200100097271
3200100097297
3200100097319
3200100097343
3200100097360
3200100097386
3200100097394
3200100097408
3200100097432
3200100097441
3200100097467
3200100097483
3200100097491
3200100097521
3200100097530
3200100097548
3200100097645
3200100097688
3200100097696
3200100097734
3200100097742
3200100097777
3200100097785
3200100097793
3200100097815
3200100097823
3200100097866
3200100097874
3200100097891
3200100097904
3200100097939
3200100097947
3200100097955
3200100097963
3200100098064
3200100098072
3200100098099
3200100098102
3200100098129
3200100098137
3200100098145
3200100098153
3200100098200
3200100098234
3200100098277
3200100098285
3200100098307
3200100098323
3200100098331
3200100098340
3200100098382
3200100098391
3200100098404
3200100098447
3200100098471
3200100098510
3200100098609
3200100098617
3200100098625
3200100098633
3200100098641
3200100098650
3200100098668
3200100098676
3200100098684
3200100098714
3200100098731
3200100098781
3200100098960
3200100098978
3200100098986
3200100099001
3200100099028
3200100099044
3200100099061
3200100099079
3200100099087
3200100099141
3200100099176
3200100099192
3200100099206
3200100099214
3200100099222
3200100099249
3200100099257
3200100099265
3200100099303
3200100099338
3200100099371
3200100099397
3200100099401
3200100099435
3200100099443
3200100099508
3200100099541
3200100099567
3200100099575
3200100099583
3200100099613
3200100099621
3200100099656
3200100099672
3200100099681
3200100099702
3200100099711
3200100099745
3200100099761
3200100099770
3200100099788
3200100099796
3200100099800
3200100099818
3200100099842
3200100099851
3200100099869
3200100099885
3200100099893
3200100099915
3200100099923
3200100099931
3200100099940
3200100099958
3200100099966
3200100099982
3200100099991
3200100100000
3200100100018
3200100100026
3200100100034
3200100100085
3200100100093
3200100100166
3200100100191
3200100100204
3200100100212
3200100100221
3200100100255
3200100100263
3200100100271
3200100100280
3200100100301
3200100100328
3200100100344
3200100100352
3200100100361
3200100100379
3200100100387
3200100100395
3200100100409
3200100100417
3200100100425
3200100100468
3200100100476
3200100100484
3200100100506
3200100100514
3200100100531
3200100100590
3200100100603
3200100100611
3200100100620
3200100100638
3200100100646
3200100100654
3200100100662
3200100100671
3200100100689
3200100100697
3200100100701
3200100100719
3200100100727
3200100100743
3200100100751
3200100100760
3200100100794
3200100100808
3200100100832
3200100100841
3200100100859
3200100100867
3200100100883
3200100100930
3200100100956
3200100100964
3200100100972
3200100100981
3200100100999
3200100101006
3200100101065
3200100101073
3200100101081
3200100101090
3200100101103
3200100101138
3200100101154
3200100101171
3200100101189
3200100101197
3200100101201
3200100101227
3200100101251
3200100101260
3200100101278
3200100101286
3200100101294
3200100101324
3200100101359
3200100101367
3200100101448
3200100101456
3200100101472
3200100101481
3200100101511
3200100101529
3200100101537
3200100101545
3200100101561
3200100101570
3200100101626
3200100101669
3200100101685
3200100101715
3200100101723
3200100101731
3200100101758
3200100101774
3200100101782
3200100101791
3200100101804
3200100101812
3200100101910
3200100101995
3200100102029
3200100102037
3200100102088
3200100102126
3200100102142
3200100102177
3200100102274
3200100102282
3200100102291
3200100102312
3200100102410
3200100102444
3200100102461
3200100102495
3200100102509
3200100102525
3200100102541
3200100102550
3200100102631
3200100102649
3200100102657
3200100102703
3200100102720
3200100102738
3200100102746
3200100102754
3200100102801
3200100102843
3200100102860
3200100102908
3200100102959
3200100102975
3200100103017
3200100103025
3200100103076
3200100103106
3200100103114
3200100103165
3200100103173
3200100103181
3200100103190
3200100103211
3200100103220
3200100103262
3200100103271
3200100103289
3200100103343
3200100103351
3200100103360
3200100103394
3200100103408
3200100103416
3200100103475
3200100103483
3200100103505
3200100103530
3200100103548
3200100103556
3200100103564
3200100103572
3200100103581
3200100103629
3200100103661
3200100103688
3200100103696
3200100103718
3200100103742
3200100103785
3200100103807
3200100103831
3200100103858
3200100103866
3200100103891
3200100103912
3200100103955
3200100103963
3200100103971
3200100104056
3200100104099
3200100104102
3200100104111
3200100104137
3200100104161
3200100104170
3200100104200
3200100104218
3200100104226
3200100104234
3200100104277
3200100104285
3200100104315
3200100104366
3200100104391
3200100104439
3200100104447
3200100104498
3200100104501
3200100104510
3200100104528
3200100104544
3200100104552
3200100104625
3200100104641
3200100104650
3200100104706
3200100104722
3200100104731
3200100104765
3200100104773
3200100104781
3200100104790
3200100104803
3200100104854
3200100104862
3200100104935
3200100104943
3200100104951
3200100104960
3200100104978
3200100104986
3200100104994
3200100105044
3200100105061
3200100105079
3200100105109
3200100105117
3200100105125
3200100105133
3200100105141
3200100105150
3200100105168
3200100105184
3200100105192
3200100105206
3200100105222
3200100105231
3200100105257
3200100105265
3200100105281
3200100105311
3200100105338
3200100105346
3200100105362
3200100105371
3200100105389
3200100105397
3200100105401
3200100105435
3200100105486
3200100105516
3200100105524
3200100105532
3200100105541
3200100105559
3200100105567
3200100105575
3200100105583
3200100105591
3200100105605
3200100105621
3200100105630
3200100105648
3200100105656
3200100105664
3200100105681
3200100105711
3200100105729
3200100105737
3200100105745
3200100105761
3200100105770
3200100105788
3200100105796
3200100105800
3200100105877
3200100105893
3200100105907
3200100105974
3200100105991
3200100106008
3200100106024
3200100106032
3200100106059
3200100106067
3200100106075
3200100106083
3200100106105
3200100106113
3200100106130
3200100106181
3200100106199
3200100106202
3200100106237
3200100106245
3200100106253
3200100106296
3200100106326
3200100106342
3200100106351
3200100106369
3200100106377
3200100106385
3200100106466
3200100106474
3200100106491
3200100106521
3200100106539
3200100106555
3200100106571
3200100106644
3200100106661
3200100106679
3200100106695
3200100106709
3200100106717
3200100106725
3200100106741
3200100106750
3200100106784
3200100106814
3200100106822
3200100106831
3200100106849
3200100106857
3200100106890
3200100106903
3200100106911
3200100106938
3200100106962
3200100107012
3200100107021
3200100107047
3200100107071
3200100107080
3200100107098
3200100107101
3200100107110
3200100107128
3200100107136
3200100107152
3200100107161
3200100107179
3200100107209
3200100107217
3200100107250
3200100107276
3200100107349
3200100107365
3200100107373
3200100107390
3200100107403
3200100107471
3200100107497
3200100107501
3200100107519
3200100107527
3200100107543
3200100107578
3200100107594
3200100107608
3200100107616
3200100107624
3200100107632
3200100107641
3200100107659
3200100107667
3200100107683
3200100107748
3200100107756
3200100107764
3200100107772
3200100107799
3200100107802
3200100107811
3200100107829
3200100107861
3200100107870
3200100107896
3200100107900
3200100107918
3200100107934
3200100107942
3200100107951
3200100107969
3200100107977
3200100107993
3200100108001
3200100108035
3200100108051
3200100108060
3200100108078
3200100108086
3200100108094
3200100108124
3200100108132
3200100108141
3200100108213
3200100108221
3200100108230
3200100108248
3200100108256
3200100108272
3200100108337
3200100108396
3200100108418
3200100108451
3200100108558
3200100108574
3200100108591
3200100108604
3200100108612
3200100108647
3200100108655
3200100108671
3200100108698
3200100108728
3200100108752
3200100108761
3200100108809
3200100108817
3200100108825
3200100108833
3200100108841
3200100108850
3200100108868
3200100108876
3200100108906
3200100108914
3200100108957
3200100108973
3200100108981
3200100108990
3200100109015
3200100109040
3200100109058
3200100109104
3200100109112
3200100109139
3200100109147
3200100109155
3200100109163
3200100109171
3200100109180
3200100109236
3200100109252
3200100109261
3200100109279
3200100109287
3200100109309
3200100109317
3200100109341
3200100109406
3200100109449
3200100109457
3200100109465
3200100109473
3200100109481
3200100109490
3200100109511
3200100109520
3200100109538
3200100109546
3200100109589
3200100109708
3200100109783
3200100109805
3200100109813
3200100109821
3200100109848
3200100109864
3200100109902
3200100109911
3200100109929
3200100109961
3200100109970
3200100110013
3200100110030
3200100110056
3200100110064
3200100110081
3200100110111
3200100110129
3200100110137
3200100110170
3200100110196
3200100110200
3200100110218
3200100110226
3200100110234
3200100110242
3200100110277
3200100110285
3200100110315
3200100110331
3200100110340
3200100110366
3200100110412
3200100110447
3200100110455
3200100110471
3200100110480
3200100110501
3200100110510
3200100110528
3200100110544
3200100110579
3200100110617
3200100110641
3200100110650
3200100110668
3200100110676
3200100110684
3200100110706
3200100110757
3200100110765
3200100110773
3200100110790
3200100110803
3200100110838
3200100110862
3200100110897
3200100110901
3200100110919
3200100110927
3200100110935
3200100110943
3200100110951
3200100110960
3200100110978
3200100110986
3200100110994
3200100111001
3200100111044
3200100111052
3200100111079
3200100111087
3200100111095
3200100111117
3200100111141
3200100111150
3200100111176
3200100111184
3200100111192
3200100111206
3200100111231
3200100111249
3200100111265
3200100111273
3200100111320
3200100111389
3200100111397
3200100111419
3200100111478
3200100111541
3200100111567
3200100111575
3200100111583
3200100111605
3200100111672
3200100111681
3200100111753
3200100111770
3200100111788
3200100111796
3200100111800
3200100111826
3200100111834
3200100111842
3200100111851
3200100111869
3200100111877
3200100111893
3200100111907
3200100111966
3200100111974
3200100112032
3200100112059
3200100112091
3200100112148
3200100112164
3200100112181
3200100112202
3200100112211
3200100112261
3200100112296
3200100112300
3200100112318
3200100112326
3200100112334
3200100112351
3200100112369
3200100112385
3200100112407
3200100112415
3200100112423
3200100112458
3200100112466
3200100112474
3200100112482
3200100112491
3200100112504
3200100112547
3200100112555
3200100112571
3200100112601
3200100112610
3200100112628
3200100112636
3200100112644
3200100112661
3200100112776
3200100112822
3200100112881
3200100112890
3200100112962
3200100112989
3200100112997
3200100113039
3200100113055
3200100113110
3200100113128
3200100113144
3200100113161
3200100113179
3200100113195
3200100113209
3200100113217
3200100113225
3200100113284
3200100113306
3200100113314
3200100113322
3200100113331
3200100113349
3200100113357
3200100113373
3200100113403
3200100113411
3200100113420
3200100113438
3200100113446
3200100113497
3200100113501
3200100113519
3200100113527
3200100113535
3200100113594
3200100113616
3200100113624
3200100113632
3200100113659
3200100113691
3200100113705
3200100113730
3200100113799
3200100113811
3200100113837
3200100113888
3200100113918
3200100113926
3200100113993
3200100114027
3200100114051
3200100114060
3200100114167
3200100114221
3200100114281
3200100114302
3200100114311
3200100114345
3200100114370
3200100114396
3200100114434
3200100114442
3200100114451
3200100114469
3200100114477
3200100114485
3200100114493
3200100114507
3200100114515
3200100114523
3200100114540
3200100114574
3200100114582
3200100114621
3200100114647
3200100114655
3200100114663
3200100114671
3200100114698
3200100114701
3200100114710
3200100114728
3200100114736
3200100114752
3200100114761
3200100114779
3200100114795
3200100114809
3200100114817
3200100114825
3200100114833
3200100114841
3200100114850
3200100114884
3200100114892
3200100114914
3200100114965
3200100114973
3200100114981
3200100115007
3200100115023
3200100115031
3200100115066
3200100115082
3200100115104
3200100115112
3200100115147
3200100115171
3200100115180
3200100115325
3200100115333
3200100115350
3200100115368
3200100115376
3200100115431
3200100115449
3200100115465
3200100115481
3200100115546
3200100115619
3200100115627
3200100115635
3200100115643
3200100115660
3200100115775
3200100115856
3200100115864
3200100115902
3200100115911
3200100115945
3200100115953
3200100115970
3200100115996
3200100116003
3200100116011
3200100116038
3200100116062
3200100116071
3200100116127
3200100116143
3200100116151
3200100116160
3200100116194
3200100116208
3200100116216
3200100116267
3200100116275
3200100116411
3200100116429
3200100116437
3200100116445
3200100116453
3200100116461
3200100116470
3200100116488
3200100116496
3200100116534
3200100116551
3200100116607
3200100116682
3200100116691
3200100116704
3200100116747
3200100116763
3200100116801
3200100116810
3200100116828
3200100116836
3200100116852
3200100116861
3200100116887
3200100116917
3200100116925
3200100116941
3200100116950
3200100117042
3200100117051
3200100117123
3200100117140
3200100117174
3200100117221
3200100117239
3200100117255
3200100117310
3200100117352
3200100117379
3200100117387
3200100117417
3200100117450
3200100117468
3200100117476
3200100117492
3200100117514
3200100117557
3200100117565
3200100117581
3200100117590
3200100117611
3200100117646
3200100117654
3200100117689
3200100117697
3200100117701
3200100117719
3200100117735
3200100117786
3200100117875
3200100117956
3200100117964
3200100118014
3200100118103
3200100118146
3200100118154
3200100118189
3200100118197
3200100118201
3200100118251
3200100118278
3200100118294
3200100118308
3200100118316
3200100118367
3200100118383
3200100118421
3200100118502
3200100118511
3200100118537
3200100118545
3200100118618
3200100118634
3200100118651
3200100118677
3200100118740
3200100118758
3200100118774
3200100118782
3200100118791
3200100118847
3200100118855
3200100118863
3200100118944
3200100118952
3200100118961
3200100118979
3200100118995
3200100119061
3200100119070
3200100119096
3200100119100
3200100119126
3200100119151
3200100119177
3200100119266
3200100119274
3200100119282
3200100119304
3200100119312
3200100119339
3200100119355
3200100119363
3200100119380
3200100119401
3200100119410
3200100119428
3200100119436
3200100119444
3200100119461
3200100119495
3200100119517
3200100119525
3200100119533
3200100119541
3200100119550
3200100119568
3200100119584
3200100119649
3200100119657
3200100119681
3200100119703
3200100119711
3200100119746
3200100119789
3200100119819
3200100119827
3200100119924
3200100119941
3200100120094
3200100120108
3200100120124
3200100120159
3200100120175
3200100120191
3200100120213
3200100120248
3200100120272
3200100120281
3200100120311
3200100120353
3200100120361
3200100120370
3200100120426
3200100120434
3200100120442
3200100120451
3200100120477
3200100120507
3200100120531
3200100120540
3200100120582
3200100120612
3200100120655
3200100120671
3200100120680
3200100120701
3200100120809
3200100120825
3200100120833
3200100120841
3200100120850
3200100120892
3200100120914
3200100120965
3200100120973
3200100120981
3200100120990
3200100122836
3200100124219
3200100141105
3200100145895
3200100151691
3200100156714
3200100157915
3200100168356
3200100168372
3200100168381
3200100168399
3200100168909
3200100177428
3200100177576
3200100180054
3200100180291
3200100180488
3200100180496
3200100180500
3200100180518
3200100182863
3200100220650
3200100222148
3200100223063
3200100223080
3200100224957
3200100225198
3200100227221
3200100239113
3200100252888
3200100271301
3200100271327
3200100271513
3200100272226
3200100272455
3200100272463
3200100272510
3200100272757
3200100272935
3200100272960
3200100273877
3200100276361
3200100276515
3200100278780
3200100279522
3200100281969
3200100283180
3200100287321
3200100291387
3200100291514
3200100291557
3200100295412
3200100296796
3200100298497
3200100303571
3200100313640
3200100313666
3200100334558
3200100334604
3200100341864
3200100374690
3200100391241
3200100393058
3200100393082
3200100393104
3200100398734
3200100399561
3200100400593
3200100403231
3200100403240
3200100403258
3200100403428
3200100406265
3200100414446
3200100415426
3200100429796
3200100429818
3200100429826
3200100441001
3200100447930
3200100449487
3200100464028
3200100464052
3200100466055
3200100466063
3200100466080
3200100469828
3200100476506
3200100507487
3200100510135
3200100538421
3200100538439
3200100540069
3200100548710
3200100582896
3200100613091
3200100614224
3200100619536
3200100625366
3200100625374
3200100625382
3200100625391
3200100627661
3200100627741
3200100637038
3200100643038
3200100654692
3200100661541
3200100668090
3200100668634
3200100671473
3200100678435
3200100679202
3200100679407
3200100679431
3200100679440
3200100679652
3200100681983
3200100682611
3200100683552
3200100684036
3200100686012
3200100687981
3200100692268
3200100692977
3200100692993
3200100694988
3200100696182
3200100702719
3200100709845
3200100717104
3200100717937
3200100729871
3200100729897
3200100729901
3200100731433
3200100735323
3200100735374
3200100735391
3200100736842
3200100739311
3200100741765
3200100751400
3200100757289
3200100768949
3200100769813
3200100770013
3200100770030
3200100770056
3200100773802
3200100781007
3200100781040
3200100781066
3200100781091
3200100781104
3200100781121
3200100781147
3200100781155
3200100781198
3200100781201
3200100781228
3200100781236
3200100781244
3200100781252
3200100781279
3200100781295
3200100781325
3200100781350
3200100781368
3200100781392
3200100781406
3200100781414
3200100781431
3200100781449
3200100781457
3200100781465
3200100781473
3200100781481
3200100781511
3200100781520
3200100781538
3200100781546
3200100781571
3200100781589
3200100781597
3200100781601
3200100781635
3200100781643
3200100781651
3200100781660
3200100781686
3200100781694
3200100781716
3200100781759
3200100781767
3200100781783
3200100781805
3200100781830
3200100781856
3200100781864
3200100781911
3200100781929
3200100781953
3200100781996
3200100782011
3200100782020
3200100782046
3200100782071
3200100782097
3200100782101
3200100782127
3200100782143
3200100782151
3200100782178
3200100782194
3200100782232
3200100782283
3200100782291
3200100782313
3200100782321
3200100782348
3200100782356
3200100782381
3200100782411
3200100782437
3200100782445
3200100782461
3200100782488
3200100782496
3200100782500
3200100782518
3200100782526
3200100782542
3200100782569
3200100782615
3200100782623
3200100782631
3200100782640
3200100782658
3200100782682
3200100782721
3200100782739
3200100782747
3200100782771
3200100782780
3200100782801
3200100782836
3200100782844
3200100782852
3200100782861
3200100782887
3200100782950
3200100783026
3200100783077
3200100783093
3200100783107
3200100783115
3200100783158
3200100783166
3200100783174
3200100783212
3200100783221
3200100783239
3200100783247
3200100783301
3200100783328
3200100783344
3200100783352
3200100783361
3200100783379
3200100783417
3200100783425
3200100783433
3200100783441
3200100783468
3200100783476
3200100783506
3200100783514
3200100783531
3200100783549
3200100783557
3200100783590
3200100783603
3200100783719
3200100783727
3200100783735
3200100783760
3200100783786
3200100783808
3200100783824
3200100783832
3200100783930
3200100783948
3200100783972
3200100783981
3200100784006
3200100784022
3200100784049
3200100784065
3200100784073
3200100784146
3200100784189
3200100784219
3200100784359
3200100784375
3200100784383
3200100784391
3200100784413
3200100784421
3200100784430
3200100784456
3200100784481
3200100784570
3200100784855
3200100784880
3200100784898
3200100784901
3200100784910
3200100784928
3200100785002
3200100785011
3200100785029
3200100785037
3200100785070
3200100785088
3200100785096
3200100785142
3200100785151
3200100785177
3200100785185
3200100785193
3200100785207
3200100785231
3200100785274
3200100785282
3200100785312
3200100785339
3200100785347
3200100785355
3200100785363
3200100785410
3200100785428
3200100785444
3200100785452
3200100785461
3200100785487
3200100785495
3200100785509
3200100785517
3200100785525
3200100785533
3200100785576
3200100785584
3200100785592
3200100785606
3200100785614
3200100785622
3200100785631
3200100785657
3200100785665
3200100785673
3200100785711
3200100785843
3200100785851
3200100785860
3200100785886
3200100785908
3200100785932
3200100785941
3200100785959
3200100785967
3200100785975
3200100785991
3200100786017
3200100786025
3200100786033
3200100786050
3200100786068
3200100786076
3200100786092
3200100786114
3200100786122
3200100786131
3200100786149
3200100786173
3200100786181
3200100786190
3200100786238
3200100786262
3200100786289
3200100786297
3200100786301
3200100786408
3200100786459
3200100786475
3200100786483
3200100786491
3200100786505
3200100786513
3200100786521
3200100786581
3200100786611
3200100786629
3200100786653
3200100786661
3200100786696
3200100786742
3200100786785
3200100786807
3200100786815
3200100786831
3200100786874
3200100786912
3200100786939
3200100786947
3200100786963
3200100786971
3200100786980
3200100786998
3200100787005
3200100787013
3200100787021
3200100787030
3200100787048
3200100787081
3200100787099
3200100787188
3200100787196
3200100787226
3200100787285
3200100787340
3200100787358
3200100787374
3200100787404
3200100787439
3200100787455
3200100787463
3200100787471
3200100787480
3200100787501
3200100787510
3200100787544
3200100787552
3200100787561
3200100787579
3200100787587
3200100787617
3200100787625
3200100787633
3200100787641
3200100787722
3200100787731
3200100787757
3200100787781
3200100787803
3200100787811
3200100787820
3200100787846
3200100787854
3200100787862
3200100787871
3200100787897
3200100787919
3200100787935
3200100787943
3200100787978
3200100787986
3200100787994
3200100788001
3200100788010
3200100788028
3200100788036
3200100788044
3200100788109
3200100788125
3200100788133
3200100788141
3200100788150
3200100788168
3200100788222
3200100788249
3200100788257
3200100788265
3200100788273
3200100788290
3200100788311
3200100788320
3200100788338
3200100788346
3200100788354
3200100788389
3200100788397
3200100788401
3200100788419
3200100788427
3200100788443
3200100788451
3200100788460
3200100788494
3200100788508
3200100788516
3200100788524
3200100788559
3200100788567
3200100788575
3200100788583
3200100788591
3200100788613
3200100788621
3200100788648
3200100788656
3200100788664
3200100788672
3200100788796
3200100788800
3200100788818
3200100788834
3200100788842
3200100788851
3200100788877
3200100788885
3200100788893
3200100788907
3200100788915
3200100788974
3200100788991
3200100789016
3200100789059
3200100789067
3200100789130
3200100789148
3200100789172
3200100789245
3200100789288
3200100789318
3200100789326
3200100789334
3200100789342
3200100789351
3200100789369
3200100789377
3200100789385
3200100789407
3200100789458
3200100789466
3200100789474
3200100789482
3200100789491
3200100789504
3200100789512
3200100789521
3200100789539
3200100789547
3200100789555
3200100789571
3200100789580
3200100789601
3200100789610
3200100789725
3200100789741
3200100789831
3200100789849
3200100789857
3200100805950
3200100808649
3200100817397
3200100824865
3200100874030
3200100910877
3200100915437
3200100915445
3200100915453
3200100925572
3200100935471
3200100935489
3200100936264
3200100939581
3200100946901
3200100946910
3200100946936
3200100987799
3200100987888
3200100987918
3200100997727
3200100999665
3200101009006
3200101020417
3200101020450
3200101022746
3200101030153
3200101032032
3200101032725
3200101033446
3200101036097
3200101037271
3200101037298
3200101037484
3200101038642
3200101038651
3200101040442
3200101042062
3200101042321
3200101043450
3200101065411
3200101068941
3200101075467
3200101080975
3200101080983
3200101083087
3200101090296
3200101090326
3200101094071
3200101094151
3200101116520
3200101122627
3200101123917
3200101123925
3200101123941
3200101132959
3200101141338
3200101154618
3200101155371
3200101159059
3200101160197
3200101169721
3200101176662
3200101176719
3200101192790
3200101197112
3200101197139
3200101197708
3200101202876
3200101208475
3200101210038
3200101216605
3200101217504
3200101222052
3200101222753
3200101223385
3200101223393
3200101226406
3200101226422
3200101235243
3200101236517
3200101240646
3200101240654
3200101240662
3200101240671
3200101240689
3200101242517
3200101243777
3200101245281
3200101262771
3200101272203
3200101281962
3200101281971
3200101288011
3200101288037
3200101288045
3200101288053
3200101288070
3200101288967
3200101289475
3200101293375
3200101297311
3200101299918
3200101299934
3200101299977
3200101308046
3200101321344
3200101343691
3200101343712
3200101343721
3200101343739
3200101345448
3200101356571
3200101371473
3200101371805
3200101371821
3200101371830
3200101373832
3200101373841
3200101373859
3200101373875
3200101380120
3200101384206
3200101387817
3200190000565
3200190000816
3200190001626
3200190003165
3200190003581
3200190004382
3200190004528
3200190005915
3200190005923
3200190005931
3200190006253
3200190006784
3200190007209
3200190009171
3200190009180
3200200004967
3200200004975
3200200077557
3200200095326
3200200116731
3200200159634
3200200159642
3200200194308
3200200205466
3200200210052
3200200217944
3200200235900
3200200239743
3200200303191
3200200337991
3200200388200
3200200390751
3200200475315
3200200510617
3200200510633
3200200510641
3200200510650
3200200529164
3200200573392
3200200605847
3200200693045
3200200751568
3200200751576
3200300008883
3200300117372
3200300117381
3200300118492
3200300162432
3200300162459
3200400080004
3200400441007
3200400442453
3200500010067
3200500109772
3200500127924
3200500133037
3200500133061
3200500133070
3200500136788
3200500168230
3200500171818
3200500184383
3200500184391
3200500187196
3200500211879
3200500230636
3200500237479
3200500244815
3200500246176
3200500262431
3200500368255
3200500376398
3200600017799
3200600083571
3200600148362
3200600181416
3200600188020
3200600207091
3200600253590
3200600289951
3200600289969
3200600289985
3200600289993
3200600295021
3200600295144
3200600304046
3200600361571
3200600382241
3200600406523
3200600406531
3200600406582
3200600409280
3200600425811
3200600432231
3200600432311
3200600432320
3200600509519
3200600569031
3200600569082
3200600569104
3200600569163
3200600763407
3200600766741
3200600792075
3200600793772
3200600839284
3200600860089
3200600891944
3200600929488
3200600948580
3200600953958
3200600982532
3200600982541
3200601090082
3200601101246
3200601109174
3200700013230
3200700073721
3200700152621
3200700152671
3200700172095
3200700182392
3200700182414
3200700269561
3200700380348
3200700744072
3200700775164
3200700775202
3200700778261
3200700778287
3200700778333
3200700778457
3200700815786
3200700852061
3200700926316
3200700992904
3200700997922
3200700997990
3200701022348
3200800019612
3200900115176
3200900172145
3200900269815
3200900303380
3200900335460
3200900337420
3200900368813
3200900407321
3200900566631
3200900642117
3200900689369
3200900697230
3200900697299
3200900697311
3200900732825
3200900823278
3200900830673
3200900837171
3200900837244
3200900849412
3201000014285
3201000017608
3201000079921
3201000130358
3201000230131
3201000256459
3201000256866
3201000256874
3201000256891
3201000261428
3201000261444
3201000263544
3201000279882
3201000280023
3201000280058
3201000285149
3201000310950
3201000311042
3209600054951
3209600055010
3209600121837
3209600157629
3209600235719
3209600264077
3209600285813
3209600344003
3209700028235
3209700033662
3209700033671
3209700045768
3209700072528
3209700072536
3209700117556
3209700120719
3209700125311
3209700137506
3209700143026
3209700152360
3209700154079
3209700154087
3209700154095
3209700186353
3209800006713
3209800006748
3209800006756
3209800025980
3209800025998
3209800037571
3209800061935
3209800082959
3209900004232
3209900010496
3209900014700
3209900014823
3209900018608
3209900018624
3209900018632
3209900019442
3209900033895
3209900039346
3209900039354
3209900039371
3209900039389
3209900049147
3209900049155
3209900049163
3209900049180
3209900049198
3209900054752
3209900060493
3209900063484
3209900069521
3209900071673
3209900074516
3209900074532
3209900079488
3209900079496
3209900083086
3209900087715
3209900092786
3209900092816
3209900119951
3209900120178
3209900128373
3209900136473
3209900137950
3209900143267
3209900143470
3209900143488
3209900143500
3209900145464
3209900159538
3209900169924
3209900169959
3209900169967
3209900169975
3209900171457
3209900174251
3209900174316
3209900176670
3209900181274
3209900188627
3209900190389
3209900201500
3209900201739
3209900201747
3209900201968
3209900204452
3209900204703
3209900205874
3209900208733
3209900215837
3209900217767
3209900218186
3209900218208
3209900229552
3209900238471
3209900244454
3209900249863
3209900269821
3209900278464
3209900278707
3209900278723
3209900282313
3209900285819
3209900294869
3209900296918
3209900296977
3209900297311
3209900303914
3209900304902
3209900307511
3209900310252
3209900310261
3209900310325
3209900310392
3209900310406
3209900310414
3209900310431
3209900311364
3209900314720
3209900314827
3209900318393
3209900325047
3209900337568
3209900338513
3209900349906
3209900354322
3209900356589
3209900357640
3209900370085
3209900379651
3209900383357
3209900398788
3209900399725
3209900405342
3209900423162
3209900424967
3209900424975
3209900429039
3209900429918
3209900430754
3209900439476
3209900442655
3209900460769
3209900460882
3209900461285
3209900466651
3209900466805
3209900466830
3209900474425
3209900476754
3209900476789
3209900477572
3209900477998
3209900478005
3209900479150
3209900484706
3210100048555
3210100048571
3210100072251
3210100104854
3210100104927
3210100363132
3210100531060
3210100663756
3210100772300
3210200029439
3210200227681
3210200227699
3210200227702
3210200250411
3210300044928
3210300123160
3210300375631
3210300776147
3210400132497
3210500259456
3210500272924
3210500282288
3210500481868
3210500481884
3210500737544
3210600012321
3210600012339
3219900044315
3219900089505
3219900212447
3219900305500
3219900305607
3220100042603
3220100150821
3220100198018
3220100282973
3220100313259
3220100453255
3220200183276
3220200321601
3220300305306
3220300328748
3220300454620
3220300621810
3220300630533
3220300630614
3220300631726
3220300652901
3220400191434
3220400419907
3220500129358
3220500148905
3220500337805
3220600197061
3229700022229
3229800006471
3229800006535
3230100018290
3230100044703
3230100137019
3230100295498
3230100295510
3230100420039
3230100554868
3230200009527
3230200009560
3230200009578
3230200084740
3230300040019
3230300052017
3230300272343
3230500012531
3230500012566
3230500129803
3239900072653
3239900082241
3239900082250
3240100171934
3240100171977
3240100172001
3240100173139
3240100196198
3240100569661
3240100619471
3240100812867
3240200058072
3240200105305
3240200305886
3240200305932
3240200307846
3240400006327
3240400012688
3240400036684
3240400079740
3240400081515
3240400097241
3240400240443
3240400386359
3240400435376
3240400474533
3240400481891
3240400487881
3240400500895
3240400518778
3240400534234
3240400534404
3240400557579
3240400634531
3240400634573
3240400635936
3240400649511
3240400649554
3240400652351
3240500021255
3240500122485
3240500211101
3240500340946
3240500351395
3240500351425
3240500393543
3240600073923
3240600106597
3240600672592
3240600672649
3240900050392
3249900060477
3249900060485
3249900090066
3249900106370
3249900156741
3249900226928
3249900290588
3250100337891
3250200125250
3250200125268
3250200261676
3250400104078
3250400115967
3250400134619
3250400161560
3250400205133
3250400367397
3250400375471
3250400375489
3250400375497
3250400722251
3250500197728
3250500197736
3250600191705
3250800067757
3250900087024
3251000023217
3251000227530
3251000229966
3251100182252
3251200146924
3251200456168
3251200456176
3251200712938
3259800015372
3260100368924
3260100413776
3260100675681
3260200055774
3260200214074
3260200215542
3260200216859
3260200224789
3260200257067
3260400059617
3260400211591
3269900029871
3300100469436
3300101616904
3300101616939
3300101834138
3300300142261
3300300191920
3300600007351
3300700196341
3300700231953
3300700231970
3300800368420
3300800942282
3300900804574
3301200132507
3301200650656
3301400555070
3301500342914
3301500929664
3301700380518
3301800012367
3301900183180
3302000482386
3302200176319
3309900195789
3309901308129
3309901347744
3310100680854
3310100680994
3310100682181
3310100697013
3310100815334
3310100835165
3310400593523
3310400666270
3310400951772
3310600613307
3310700110021
3310700473493
3310701306272
3310701306281
3310900435901
3311000553045
3311300111293
3320100184610
3320100500775
3320100590651
3320101897334
3320200022131
3320200384645
3320300456311
3320600551000
3320600551018
3320600551026
3320700946804
3320700946812
3320700946821
3320700946839
3320700946847
3320700973224
3320800364688
3320900522285
3320900813697
3320901009506
3321000278656
3321000689711
3321000716653
3321000824707
3321200358271
3329900137835
3329900337036
3330101359961
3330300335506
3330400557179
3330401520449
3330600256750
3330800201584
3330800302224
3330900006422
3330900628091
3331000898441
3331100099486
3340100300806
3340100300822
3340100300857
3340100803808
3340200064691
3340200365519
3340500446166
3340500466361
3340700010434
3340700708687
3340700708717
3340700708741
3340700950461
3340701715644
3340701747457
3340800160446
3341100549457
3341100630947
3341400398390
3341500962351
3341501323808
3341601159686
3341601169061
3341901418466
3341901437991
3341901492780
3349900315571
3350100465899
3350100471201
3350100493639
3350100494244
3350100496387
3350100496395
3350100496409
3350100501526
3350100502387
3350100880586
3350300340143
3350400305625
3359900132906
3360101290022
3360600485392
3360600485431
3360600532544
3360600895825
3361200605901
3361200605928
3400700256076
3400700335448
3400700338561
3400700363743
3400700372858
3400700661833
3400800180764
3401000359141
3401000927246
3401200292996
3401200293003
3401300013444
3401300052831
3401400209880
3401800420103
3409700036678
3409700289380
3409700289398
3409900348100
3409900508361
3409900626088
3409900626096
3409900626118
3409900626142
3409900646381
3410100184481
3410100701346
3410100705716
3410101035366
3410101616083
3410102202959
3410400203881
3410400711673
3410401129731
3410600598650
3410700094289
3410800119844
3411100216091
3411200402643
3411300498758
3411300498804
3411400278725
3411400850453
3411500122085
3411600264833
3411700594835
3411700751400
3411800467169
3419900235798
3419900269587
3419900315449
3419900404221
3419900569815
3419900569858
3419900690193
3419900765126
3420400263352
3420900439948
3421000100040
3430100112766
3430300627531
3430300699884
3430300699922
3430500163554
3430501315544
3440500045144
3440500469874
3440500523941
3440500555525
3440600247377
3440601167334
3440700147714
3440700314629
3440700518712
3440900769034
3440900769433
3440900813408
3441000013627
3441000024297
3441000219667
3441000241204
3450100935088
3450101105500
3450200191056
3450200630718
3450200805003
3450400312353
3450600015719
3450600807101
3450900361493
3451000401228
3451000889719
3451000889794
3451000889808
3451100092146
3451100414046
3451400351945
3451400598941
3451400612668
3459900310714
3460300153997
3460500199869
3460500786624
3460500786683
3460701041006
3460900224992
3460900310325
3461000105823
3461000110185
3461000170820
3461000330576
3461000500927
3461000532721
3461000538207
3461200204931
3461300395851
3461400030219
3461400107238
3470101443162
3470101451173
3470600401511
3470700100220
3470800159773
3471000172113
3471000172121
3471000355323
3471000355358
3471500226611
3471500226654
3471500279189
3480200361172
3480300118920
3480400024293
3480800504039
3480900090015
3489900102615
3500600236382
3501500345628
3501600241760
3501900044251
3501900044277
3501900605473
3509900540247
3509900792939
3509901052483
3510100256775
3510100687075
3520100625380
3520300465297
3520500339571
3520800131339
3520900005742
3529900219473
3529900430450
3530100426361
3530100579892
3530200194542
3540100072470
3540100262244
3540200342959
3540200420101
3540300035241
3540300035250
3540300056648
3540300105444
3540300108273
3540300108290
3540300109482
3540400257254
3540400339196
3540500295069
3540500295085
3540500295107
3550100708404
3550600234487
3550900284111
3559900125673
3560100976085
3560100977847
3560101114877
3560300259085
3560500112444
3560500413614
3560500413631
3560500493821
3569900153481
3570101449151
3570200055178
3570200055208
3570200690230
3570300258348
3570300452179
3570400222906
3570501318372
3570501354841
3570700726403
3570700953078
3570900479086
3570900622067
3580200106015
3580500029636
3600101104561
3600200316345
3600500819938
3600700172245
3600900422636
3600900422661
3601200133527
3609700104248
3609700269654
3609700269662
3609700269689
3609700269697
3609900117947
3609900280988
3609900306961
3609900306979
3609900341626
3609900341634
3609900507281
3610400140569
3610400140640
3610500095981
3610600044067
3610600223191
3620100019161
3620100441814
3620100952061
3620101669142
3620101831551
3620101833813
3620101833821
3620401148211
3620501154867
3620600047341
3620600047350
3620600079812
3620600100757
3620600101265
3620600110787
3620600124478
3620600173789
3620600215392
3620600303771
3620600471500
3630100380122
3630100567044
3640100558240
3640100818543
3640500512298
3649800008127
3649800008208
3649800008216
3649800095127
3649900037218
3649900037315
3650400695951
3650600419320
3650800547798
3650800547801
3650800547810
3650800842480
3650900181256
3650900419813
3650900426399
3650900426411
3650900426445
3660100352871
3660100370178
3660100720993
3660200085556
3660300115660
3660500065038
3660500065054
3660600577383
3660800308092
3669800077714
3670100022757
3670100223817
3670100226344
3670100233855
3670100959201
3670100959210
3670101518977
3670101564588
3670101564596
3670200462724
3670200495941
3670200620397
3670300266765
3670300475721
3670400150467
3670500624347
3670501122329
3670700203825
3670800607324
3679800152465
3679900143361
3679900160869
3700100678147
3700100733938
3700400362684
3700400605943
3700400606265
3700400606273
3700400700601
3700400763883
3700400940246
3700600076120
3700800045961
3709900322868
3710500530724
3710501197611
3710600140243
3720100643921
3720200080740
3720200539998
3720300436902
3720400795921
3720700596800
3720700765890
3720800504907
3720800558683
3730100910783
3730101451707
3730200831257
3730600410861
3730600918431
3740100774936
3740100808563
3740101031678
3740101031686
3740200305318
3740300871277
3749900118713
3749900329510
3749900481958
3750100369748
3750100495778
3750300210025
3750300291831
3759900003703
3759900003711
3759900006664
3759900009744
3759900126201
3759900126210
3760100286974
3760700131556
3760700567231
3770100430773
3770100430781
3770100430790
3770100430820
3770100430846
3770200101399
3770200166148
3770200266746
3770200304982
3770700005399
3770700025616
3779900116532
3800100353883
3800101387366
3800600146224
3800700313874
3801300546902
3801600007462
3809900011861
3809900124488
3819900085539
3819900155995
3820500268956
3829800103802
3830300365125
3840300224815
3840600281270
3841700417972
3841700622126
3850100089591
3850100221570
3860100561273
3860200244598
3860300026215
3860300048952
3860300148531
3860300213899
3860400336461
3869900091130
3919900113361
3919900156877
3920400310411
3930500103531
3940100276152
3949800047588
3950200001236
3959900029361
3959900279553
3959900279561
3959900279588
4100200099185
4101200038390
4101400002861
4101400006645
4200100003282
4200100005978
4200100006362
4200100009761
4200100013415
4200100013695
4200500002585
4200900003619
4200900004216
4209600004537
4210300010282
4229800001027
4300100011608
4610100002134
5100599051655
5100599133929
5100599146800
5100599148667
5100900051329
5100999065572
5101200036557
5101200137604
5101400019494
5101400030340
5101700010425
5102000045235
5110301043787
5110400020645
5120300019726
5120300019734
5120699000505
5149700032001
5160500002282
5190200001361
5200100003485
5200100004589
5200100004597
5200100004601
5200100004619
5200100006379
5200100006387
5200100006395
5200100006409
5200100007006
5200100012077
5200100012182
5200100013111
5200100013715
5200100032302
5200100032787
5200100032884
5200100033414
5200100037398
5200100037762
5200100037797
5200100037983
5200100037991
5200100038599
5200100038602
5200100038629
5200100039668
5200100041646
5200100043398
5200100044777
5200100045471
5200100045951
5200100046079
5200100046435
5200100046443
5200100047407
5200100048195
5200100048420
5200100048497
5200100048608
5200100048781
5200100050246
5200100050386
5200100050939
5200100052869
5200100053261
5200101076133
5200101076443
5200101077199
5200199002397
5200199003857
5200199005493
5200199006881
5200199009782
5200199010951
5200199017912
5200199019826
5200199019834
5200199020140
5200199020255
5200199020263
5200199020379
5200201038021
5200400009306
5200400011483
5200500017491
5200500021600
5200501031862
5200600050750
5200700009948
5200700027300
5200900026641
5200999014110
5201000017264
5208900001000
5208900001182
5208900001255
5208900001387
5208900001492
5209700016799
5209900001264
5209900001736
5210100045722
5210199010349
5227700000106
5230200001166
5230290001896
5230400016191
5240400017694
5240400029234
5240600001503
5250500008824
5259700092321
5260200016651
5300100005339
5300400044402
5301590020446
5301700093248
5310700103315
5310701169131
5320200008364
5320390013038
5321700000215
5330800007555
5340590025617
5340700022366
5341800003828
5361200040374
5380300000284
5401000060940
5410400047800
5430100006385
5450600034230
5451000035538
5451000051142
5460500052333
5467700010266
5470100048479
5479900024386
5499900002641
5499900030084
5500600046342
5501400021495
5520500044640
5530900038116
5550500556683
5560200014613
5570500008520
5571000032589
5600400026568
5600800034746
5620100067951
5620400030921
5620600016736
5620600016744
5630500063295
5649890020012
5650200027498
5670100055597
5670100065541
5670190077153
5671190012214
5700700034247
5710110152471
5719200001020
5721000013256
5760190006310
5770200001871
5841701039901
5959899000020
7209000014676
8230290015832
8499988002604
8499988019833
8540776000072
8540776002148
8540776002156
8630584018291
8630584018312